0 0.2916666666666667 0.3420138888888889 0.021701388888888888 0.14467592592592593
0 0.2899305555555556 0.6174768518518519 0.028645833333333332 0.14930555555555555
0 0.3546006944444444 0.5920138888888888 0.020833333333333332 0.11458333333333333
0 0.3537326388888889 0.375 0.022569444444444444 0.1111111111111111
0 0.3819444444444444 0.3900462962962963 0.018229166666666668 0.10416666666666667
0 0.3806423611111111 0.5769675925925926 0.022569444444444444 0.11226851851851852
0 0.6558159722222222 0.41608796296296297 0.015625 0.11226851851851852
0 0.6558159722222222 0.5491898148148148 0.020833333333333332 0.11689814814814815
0 0.7161458333333334 0.5688657407407407 0.03211805555555555 0.1400462962962963
0 0.7161458333333334 0.39467592592592593 0.0390625 0.12962962962962962
0 0.6302083333333334 0.4201388888888889 0.021701388888888888 0.08564814814814815
0 0.6276041666666666 0.5445601851851852 0.0234375 0.09375
