0 0.5489438433797011 0.16054153071154614 0.0996050145972867 0.056099376037552245
0 0.6794607590589044 0.21091648062281754 0.12364760432766615 0.06754822829011391
0 0.6296582517602609 0.27159539756139445 0.10990898162459221 0.060678916938576896
0 0.7782071097372488 0.3213979048600378 0.13223424351708735 0.05953403171332079
0 0.7644684870341748 0.4816818363959013 0.1184956208140134 0.052664720361783705
0 0.6116263094624763 0.44619039441296016 0.11506096513824497 0.05037494991127142
0 0.3351365275631118 0.2698780697235102 0.08414906405632844 0.05266472036178375
0 0.4476215009445303 0.3047970690938233 0.08930104756998096 0.046940294235502916
0 0.27760604499398933 0.41985803423206824 0.10647432594882379 0.04121586810922205
0 0.4081229606731924 0.45076993531398474 0.0996050145972867 0.03892609765870969
0 0.29821397904860036 0.5423607533344782 0.11334363730036064 0.03434655675768504
0 0.4356002060793405 0.5686931135153701 0.11677829297612906 0.03434655675768504
