0 0.4418346573602118 0.08327593332414931 0.1477093569668305 0.022960003673600588
0 0.5003826667278933 0.17396794783487163 0.1193920191027231 0.022960003673600602
0 0.5466853408029878 0.24686595949855347 0.11250401800064289 0.026404004224640676
0 0.25471062742036704 0.11943793911007021 0.12092268601429641 0.058548009367681494
0 0.3350706402779691 0.2009459521513523 0.1056160168985627 0.05166000826560133
0 0.39897598383615734 0.267529962804794 0.10025868270805591 0.04247600679616116
0 0.49540799926527984 0.35822197731551636 0.09413601506176235 0.012628002020480358
0 0.4904333318026664 0.3674059787849566 0.08724801395968212 0.03788400606144096
0 0.6167133520074697 0.3530559764889562 0.09643201542912247 0.01607200257152043
0 0.6427346895042169 0.39323598291775724 0.0795946794018154 0.0137760022041604
0 0.5264040042246406 0.39840198374431735 0.0750026786670953 0.030996004959360817
0 0.5570173424561081 0.4362859898057584 0.06734934410922828 0.030996004959360817
0 0.668373360273071 0.423083987693438 0.08189067976917552 0.02755200440832069
0 0.6044680167148826 0.45465399274463886 0.045920007347201114 0.019516003122560504
0 0.6010240161638426 0.4839279974284796 0.05586934227242811 0.020664003306240544
