0 0.4858856201171875 0.6012863944332539 0.0274658203125 0.09499175975096136
0 0.6422882080078125 0.4587987548068119 0.0091552734375 0.0801135323200879
0 0.697601318359375 0.46223219190624426 0.008392333984375 0.08469144845266435
0 0.8208160400390625 0.4525041201245193 0.0091552734375 0.07896905328694379
0 0.879180908203125 0.4479262039919429 0.009918212890625 0.07896905328694379
0 0.8475189208984375 0.3082997619483611 0.0091552734375 0.07668009522065555
0 0.6720428466796875 0.31402215711408166 0.01220703125 0.0721021790880791
0 0.4057769775390625 0.6012863944332539 0.0213623046875 0.09728071781724959
0 0.227630615234375 0.6035753524995422 0.022125244140625 0.10185863394982604
0 0.1417999267578125 0.6070087895989745 0.02288818359375 0.10414759201611426
