0 0.14310285517715873 0.38189427817910787 0.0722394220846233 0.018346519894507533
0 0.26264189886480915 0.3790276344455911 0.14619883040935672 0.012613232427473921
0 0.432920536635707 0.33029469097580555 0.07739938080495337 0.018346519894507533
0 0.5928792569659443 0.33430799220272905 0.12211902304781572 0.01719986240110075
0 0.9016167870657036 0.27582846003898637 0.1410388716890264 0.010319917440660485
0 0.912796697626419 0.4759201926384588 0.11867905056759549 0.01834651989450749
0 0.6040591675266598 0.5263731223483545 0.1444788441692466 0.016053204907694008
0 0.24028207774337818 0.5624928333906661 0.12211902304781558 0.01719986240110084
0 0.13536291709666332 0.5647861483774795 0.07739938080495351 0.030959752321981455
0 0.13622291021671842 0.7465313610824446 0.08943928448572415 0.027519779841761325
