0 0.3007968127490041 0.24591565349544078 0.05157939669891855 0.03324468085106383
0 0.35682270916334663 0.2453219984802432 0.06758679567444512 0.03918123100303949
0 0.20208451906659086 0.3242781155015198 0.05335799658508809 0.03561930091185413
0 0.2652248150256118 0.32546542553191493 0.06936539556061465 0.04036854103343462
0 0.3381474103585657 0.32309080547112473 0.06580819578827557 0.037993920972644396
0 0.4146272054638588 0.325465425531915 0.08003699487763236 0.04274316109422492
0 0.5809262948207171 0.3177479103343466 0.0818155947638019 0.04630509118541031
0 0.653848890153671 0.3230908054711247 0.05335799658508809 0.04036854103343462
0 0.7258821855435401 0.3248717705167174 0.08003699487763236 0.04630509118541035
0 0.7979154809334092 0.3242781155015198 0.0569151963574274 0.05224164133738605
0 0.6271698918611269 0.24057275835866268 0.06758679567444488 0.03205737082066866
0 0.6983138873079112 0.24472834346504566 0.0711439954467842 0.03561930091185409
