0 0.2072843391336542 0.08117363939281742 0.06787609527335557 0.10412810070344315
0 0.19031531531531537 0.21422621251388374 0.06016290262865606 0.03933728248796744
0 0.38083117363939284 0.10257774898185855 0.02931013204985808 0.07983154387263976
0 0.3403369122547205 0.20901980747871157 0.04859311366160686 0.04049426138467236
0 0.5192829816117488 0.3229822288041466 0.019282981611748715 0.055534987041836334
0 0.45873441935085774 0.4045492410218437 0.04936443292607674 0.026610514624213266
0 0.7491361224237935 0.300999629766753 0.036252005430087636 0.030081451314328045
0 0.7996575342465754 0.2570344316919659 0.02622485499197834 0.04396519807478712
0 0.8582777983462914 0.3362874861162532 0.02622485499197834 0.033552388004442775
0 0.820097494755029 0.32934561273602364 0.04087992101690734 0.0474361347649019
0 0.759163272861903 0.37331081081081074 0.04087992101690734 0.02198259903739356
0 0.8818030359126249 0.43752313957793404 0.053221029248426435 0.043965198074787167
0 0.7780605948414168 0.49710755275823776 0.047821794397136845 0.02429655683080346
0 0.9462081944958657 0.5190901517956312 0.037023324694557526 0.026610514624213218
0 0.835523880044428 0.5630553498704184 0.036252005430087636 0.017354683450573803
