0 0.5775 0.13316666666666666 0.0135 0.04633333333333333
0 0.584625 0.19291666666666665 0.02525 0.05383333333333333
0 0.5995 0.2614166666666667 0.03 0.06116666666666667
0 0.614125 0.32958333333333334 0.02175 0.04683333333333333
0 0.35425 0.3491666666666667 0.0385 0.04733333333333333
0 0.322 0.295 0.024 0.041666666666666664
0 0.36575 0.27408333333333335 0.03 0.049833333333333334
0 0.369625 0.208 0.02925 0.05
0 0.336875 0.21966666666666668 0.02625 0.04633333333333333
0 0.3435 0.15075 0.026 0.050833333333333335
