0 0.22101098191214474 0.6646681201550387 0.014534883720930232 0.036942829457364344
0 0.3994670542635659 0.6670906007751938 0.014534883720930232 0.03573158914728682
0 0.4131944444444444 0.7506661821705426 0.01614987080103359 0.03815406976744186
0 0.2012273901808786 0.748546511627907 0.012112403100775194 0.041182170542635656
0 0.39664082687338503 0.8263687015503876 0.013727390180878552 0.04299903100775194
0 0.21010981912144708 0.8303052325581395 0.012112403100775194 0.046027131782945735
0 0.7854489664082688 0.6964631782945736 0.02099483204134367 0.04844961240310078
0 0.6065891472868217 0.7013081395348837 0.01695736434108527 0.041182170542635656
0 0.5973029715762274 0.7839752906976745 0.01614987080103359 0.041787790697674417
0 0.8056363049095607 0.7833696705426356 0.014534883720930232 0.03936531007751938
0 0.7983688630490956 0.865734011627907 0.01614987080103359 0.04299903100775194
0 0.6126453488372093 0.8687621124031008 0.01937984496124031 0.04299903100775194
