0 0.4925957101883028 0.263842124953236 0.026499563536600514 0.05377852600074821
0 0.6332772166105499 0.2007108118219229 0.02260256889886519 0.058454919566030654
0 0.7065407157999751 0.30125327347549574 0.06780770669659557 0.06079311634867195
0 0.4372583863324605 0.42810044893378224 0.021823169971318165 0.05494762439206886
0 0.700695223843372 0.48129442573887016 0.07793989275470758 0.056116722783389465
0 0.6952394313505424 0.682963898241676 0.08105748846489588 0.07365319865319862
0 0.37139917695473257 0.606972502805836 0.03663174959471252 0.0596240179573513
0 0.2790404040404041 0.49532360643471757 0.04676393565282453 0.0491021324354658
0 0.22682067589475005 0.551440329218107 0.05299912707320117 0.04208754208754206
0 0.25137174211248287 0.6338617658062102 0.05221972814565405 0.045594837261503894
0 0.1948653198653199 0.6853020950243173 0.04364633994263623 0.03624205013093901
0 0.134072203516648 0.4713570894126449 0.04208754208754209 0.04793303404414519
0 0.08068337697967334 0.593527871305649 0.042866941015089165 0.044425738870183286
0 0.019500561167227898 0.7238823419378975 0.035852350667165495 0.03156565656565657
0 0.11965332335702711 0.6817947998503553 0.03195535602943008 0.040918443696221454
0 0.16602755954607812 0.5520248784137672 0.03117595710188305 0.05962401795735123
0 0.20967389948871434 0.4269313505424616 0.02805836139169471 0.052609427609427564
0 0.2252618780396559 0.7770763187429853 0.05299912707320117 0.0491021324354658
0 0.6048291557550817 0.36146184062850734 0.018705574261129773 0.0596240179573513
0 0.5720944007981046 0.543841189674523 0.024940765681506463 0.06663860830527496
