0 0.7651785714285713 0.39047619047619053 0.1178571428571429 0.0857142857142857
0 0.850892857142857 0.5416666666666666 0.1178571428571429 0.0642857142857143
0 0.688392857142857 0.5625 0.03928571428571445 0.06309523809523815
0 0.6464285714285714 0.5375 0.01607142857142844 0.07261904761904762
0 0.7946428571428571 0.7375 0.1125 0.06309523809523808
0 0.5669642857142856 0.49226190476190473 0.16428571428571423 0.03214285714285711
0 0.4955357142857141 0.33809523809523817 0.1571428571428571 0.03809523809523807
0 0.2678571428571428 0.4446428571428572 0.16607142857142868 0.03214285714285719
0 0.44821428571428557 0.5386904761904763 0.15178571428571422 0.03452380952380948
0 0.30803571428571425 0.5863095238095238 0.15357142857142844 0.03452380952380948
0 0.1999999999999999 0.6226190476190477 0.1446428571428571 0.030952380952380964
0 0.34732142857142845 0.6184523809523811 0.021428571428571557 0.06071428571428571
