0 0.5873123436196831 0.25152905198776765 0.012162913539060414 0.07761097210638494
0 0.7171948846260773 0.23589102029469008 0.01303169307756452 0.0764525993883792
0 0.6985161245482346 0.409067741636549 0.015638031693077682 0.07066073579835049
0 0.739348762857937 0.4096469279955519 0.012162913539060478 0.08340283569641366
0 0.6051223241590213 0.41833472338059496 0.016506811231581722 0.072977481234362
0 0.5677648040033361 0.4247057733296266 0.009556574923547313 0.0764525993883792
0 0.7545871559633027 0.5711009174311926 0.007454128440366973 0.047782874617737
0 0.7223337155963303 0.5730122324159022 0.005447247706422019 0.04854740061162079
0 0.6919438073394495 0.5758792048929664 0.008314220183486239 0.047400611620795105
0 0.6125286697247706 0.5800840978593272 0.008887614678899083 0.04510703363914373
0 0.5829988532110092 0.5835244648318043 0.007740825688073395 0.047400611620795105
0 0.5541857798165137 0.5848623853211009 0.008600917431192661 0.04625382262996942
