0 0.2880923202614379 0.41035766158315184 0.10127314814814818 0.09758533042846765
0 0.20852056100217864 0.24355482933914305 0.11233660130718949 0.09531590413943357
0 0.4736179193899782 0.08753177196804647 0.10127314814814818 0.11233660130718955
0 0.5617000272331155 0.2469589687726943 0.0885076252723311 0.07035221496005813
0 0.4485123910675381 0.4909222948438635 0.0970179738562091 0.0771604938271605
0 0.3625578703703704 0.5493600217864923 0.09020969498910672 0.07375635439360934
0 0.6468035130718954 0.4960285039941903 0.11744281045751617 0.07148692810457516
0 0.6536117919389978 0.5533315177923022 0.11574074074074055 0.06354393609295565
0 0.6855255991285404 0.6860929557007989 0.12510212418300665 0.05900508351488749
0 0.6897807734204794 0.7972948438634714 0.08255038126361652 0.04084967320261438
0 0.7216945806100217 0.8948801742919391 0.08169934640522886 0.03631082062454622
