0 0.09452668128654974 0.10005482456140351 0.025584795321637425 0.01781798245614035
0 0.13107638888888892 0.13294956140350878 0.02101608187134503 0.027412280701754384
0 0.2386695906432749 0.07435581140350878 0.031524122807017545 0.02124451754385965
0 0.2825292397660819 0.10896381578947369 0.018731725146198832 0.034265350877192985
0 0.317936769005848 0.24328399122807018 0.01827485380116959 0.031524122807017545
0 0.2768183479532164 0.21758497807017543 0.0356359649122807 0.01850328947368421
0 0.28412828947368424 0.38788377192982454 0.02101608187134503 0.031524122807017545
0 0.24049707602339185 0.3676672149122807 0.0333516081871345 0.028097587719298246
0 0.05889071637426905 0.2470531798245614 0.033808479532163746 0.014391447368421052
0 0.09955226608187139 0.2700109649122807 0.01827485380116959 0.028782894736842105
0 0.08995796783625735 0.3827439692982456 0.033808479532163746 0.014391447368421052
0 0.1294773391812866 0.4009046052631579 0.02055921052631579 0.028782894736842105
