0 0.4691011235955056 0.1533348880597015 0.028792134831460675 0.012360074626865671
0 0.4455758426966292 0.1672108208955224 0.014044943820224719 0.020988805970149255
0 0.6283356741573034 0.16791044776119404 0.012991573033707866 0.017257462686567165
0 0.6532654494382022 0.1521688432835821 0.03125 0.01189365671641791
0 0.7047050561797753 0.23285914179104478 0.03300561797752809 0.009561567164179104
0 0.6780196629213483 0.24766791044776118 0.011235955056179775 0.018656716417910446
0 0.4180126404494382 0.2349580223880597 0.03125 0.010960820895522388
0 0.3962429775280899 0.24836753731343283 0.01228932584269663 0.01585820895522388
0 0.6759129213483146 0.3136660447761194 0.03089887640449438 0.01166044776119403
0 0.648876404494382 0.32940764925373134 0.011235955056179775 0.015625
0 0.4276685393258427 0.32975746268656714 0.013342696629213483 0.016791044776119403
0 0.4508426966292135 0.3147154850746269 0.03160112359550562 0.010027985074626865
