0 0.32025 0.12841666666666668 0.0265 0.043166666666666666
0 0.34425 0.18008333333333335 0.038 0.042166666666666665
0 0.323875 0.19641666666666666 0.03025 0.03883333333333333
0 0.349625 0.24433333333333335 0.03625 0.04466666666666667
0 0.32625 0.27 0.0265 0.04033333333333333
0 0.354875 0.3174166666666667 0.03925 0.041166666666666664
0 0.139625 0.26708333333333334 0.04725 0.042833333333333334
0 0.092875 0.2205 0.04125 0.039
0 0.15225 0.202 0.037 0.04
0 0.10325 0.14625 0.049 0.05583333333333333
0 0.126125 0.34108333333333335 0.04775 0.0395
0 0.075625 0.2980833333333333 0.04075 0.034166666666666665
