0 0.6145833333333334 0.30439814814814814 0.043209876543209874 0.05555555555555555
0 0.6577932098765432 0.29050925925925924 0.041666666666666664 0.0787037037037037
0 0.7430555555555556 0.25983796296296297 0.04861111111111111 0.061342592592592594
0 0.7889660493827161 0.24594907407407407 0.043209876543209874 0.08680555555555555
0 0.753858024691358 0.44560185185185186 0.05169753086419753 0.06481481481481481
0 0.8020833333333334 0.43113425925925924 0.046296296296296294 0.08680555555555555
0 0.8194444444444444 0.6336805555555556 0.04243827160493827 0.08680555555555555
0 0.7723765432098766 0.6435185185185185 0.0470679012345679 0.07175925925925926
0 0.6111111111111112 0.671875 0.04398148148148148 0.06597222222222222
0 0.6577932098765432 0.6684027777777778 0.047839506172839504 0.0798611111111111
0 0.6161265432098766 0.4832175925925926 0.04938271604938271 0.06828703703703703
0 0.6624228395061729 0.47453703703703703 0.041666666666666664 0.08101851851851852
