0 0.5507127192982456 0.296875 0.01918859649122807 0.04961622807017544
0 0.6192434210526315 0.2974232456140351 0.0133406432748538 0.04303728070175439
0 0.6838450292397661 0.29413377192982454 0.012792397660818713 0.0424890350877193
0 0.5476973684210527 0.4198190789473684 0.023757309941520467 0.014802631578947368
0 0.620796783625731 0.3921326754385965 0.013888888888888888 0.03618421052631579
0 0.6461988304093568 0.47053179824561403 0.01023391812865497 0.039473684210526314
0 0.6059941520467836 0.5958059210526315 0.03216374269005848 0.0762061403508772
0 0.7422331871345029 0.42941337719298245 0.027960526315789474 0.07675438596491228
0 0.8048245614035088 0.42804276315789475 0.03070175438596491 0.06414473684210527
0 0.8220942982456141 0.592516447368421 0.0360014619883041 0.07785087719298246
0 0.9060672514619883 0.5910087719298246 0.04203216374269006 0.07976973684210527
