0 0.7468711843711844 0.1949404761904762 0.042735042735042784 0.02174908424908425
0 0.8083028083028083 0.2384386446886447 0.04807692307692308 0.04922161172161176
0 0.7957112332112333 0.24702380952380953 0.010683760683760733 0.07783882783882785
0 0.6781898656898656 0.17147435897435898 0.03357753357753352 0.05723443223443223
0 0.6430860805860805 0.20123626373626372 0.041208791208791166 0.016025641025641017
0 0.632020757020757 0.26648351648351654 0.04960317460317469 0.025183150183150198
0 0.6923076923076923 0.3048305860805861 0.04807692307692308 0.05380036630036631
0 0.5366300366300365 0.3288690476190476 0.052655677655677635 0.019459706959706963
0 0.5583791208791208 0.379235347985348 0.018315018315018233 0.06524725274725272
0 0.5950091575091574 0.3563415750915751 0.04731379731379734 0.040064102564102526
0 0.19925213675213677 0.5444711538461539 0.033119658119658134 0.01201923076923077
0 0.24252136752136755 0.5524839743589745 0.026709401709401722 0.021634615384615384
0 0.3667200854700855 0.43589743589743596 0.02938034188034183 0.014423076923076924
0 0.4188034188034188 0.453525641025641 0.035256410256410256 0.028846153846153848
0 0.37072649572649574 0.48277243589743596 0.03418803418803414 0.021634615384615384
0 0.3183760683760684 0.46594551282051283 0.03739316239316242 0.01362179487179489
0 0.27884615384615385 0.49278846153846156 0.028846153846153848 0.011217948717948735
0 0.32772435897435903 0.5056089743589745 0.03258547008547011 0.02403846153846154
0 0.21768162393162396 0.5705128205128206 0.026175213675213662 0.014423076923076924
0 0.1765491452991453 0.5600961538461539 0.03685897435897436 0.008012820512820549
0 0.1546474358974359 0.5753205128205129 0.029380341880341887 0.006410256410256483
0 0.19284188034188038 0.5833333333333334 0.028846153846153848 0.017628205128205166
