0 0.44830246913580246 0.15046296296296297 0.010030864197530864 0.05324074074074074
0 0.5459104938271605 0.1684027777777778 0.007716049382716049 0.052083333333333336
0 0.5582561728395061 0.2673611111111111 0.010802469135802469 0.05555555555555555
0 0.5536265432098766 0.3645833333333333 0.015432098765432098 0.05092592592592592
0 0.4371141975308642 0.25289351851851855 0.009259259259259259 0.05439814814814815
0 0.44405864197530864 0.3541666666666667 0.009259259259259259 0.04861111111111111
0 0.6506558641975309 0.3875868055555556 0.003472222222222222 0.03009259259259259
0 0.7195216049382716 0.39453125 0.005015432098765432 0.028356481481481483
0 0.712866512345679 0.33738425925925924 0.005208333333333333 0.02806712962962963
0 0.7109375 0.2834201388888889 0.005979938271604938 0.02546296296296296
0 0.6524884259259259 0.2750289351851852 0.0055941358024691355 0.02488425925925926
0 0.6534529320987654 0.3311631944444444 0.004436728395061728 0.027777777777777776
