0 0.797175655119419 0.2522756077889157 0.03528470839148783 0.19357068786726583
0 0.845398089921119 0.36922456504205553 0.03136418523687804 0.10254637631063486
0 0.8379490959273606 0.5748934209010255 0.022739034296736585 0.12674271229404316
0 0.7924710273338875 0.6785920036870607 0.027443662082268245 0.15439566770365248
0 0.6991625762541753 0.33350616430464336 0.02273903429673643 0.11406844106463879
0 0.7564022143114777 0.4060951722548681 0.011761569463829225 0.08871989860583017
0 0.7509134818950239 0.5587625302454199 0.016466197249360884 0.08756769213042984
0 0.6924976868913388 0.6192533702039406 0.020386720403970677 0.11406844106463879
0 0.184397886053915 0.25169950455121554 0.040773440807941416 0.18550524253946307
0 0.2973089529066758 0.332353957829243 0.028227766713190185 0.1255905058186427
0 0.3016215283767466 0.6134923378269387 0.024307243558580473 0.11406844106463879
0 0.19576740320228325 0.6803203134001613 0.04155754543886336 0.16937435188385755
0 0.24320573337306128 0.5506970849176173 0.02352313892765853 0.09908975688443371
0 0.1451926545078175 0.36807235856665516 0.023523138927658487 0.11176402811383802
0 0.1514654915551931 0.564523562622422 0.028227766713190185 0.1728309713100588
0 0.23693289632568565 0.40436686254176746 0.0266595574513463 0.10139416983523447
