0 0.13541666666666666 0.5179398148148148 0.04938271604938271 0.08680555555555555
0 0.19598765432098766 0.5208333333333334 0.06558641975308642 0.09027777777777778
0 0.30362654320987653 0.5214120370370371 0.05709876543209876 0.08449074074074074
0 0.3726851851851852 0.5063657407407407 0.0625 0.10069444444444445
0 0.5902777777777778 0.5098379629629629 0.05015432098765432 0.06597222222222222
0 0.6473765432098766 0.5017361111111112 0.05941358024691358 0.09143518518518519
0 0.7677469135802469 0.4947916666666667 0.05324074074074074 0.08680555555555555
0 0.8306327160493827 0.49537037037037035 0.06172839506172839 0.08101851851851852
0 0.7669753086419753 0.8229166666666666 0.0625 0.09953703703703703
0 0.8329475308641975 0.8234953703703703 0.06944444444444445 0.10300925925925926
0 0.6446759259259259 0.8263888888888888 0.06481481481481481 0.09490740740740741
0 0.5787037037037037 0.8258101851851852 0.06095679012345679 0.10300925925925926
0 0.28896604938271603 0.8431712962962963 0.05864197530864197 0.10532407407407407
0 0.34992283950617287 0.8466435185185185 0.06635802469135803 0.09837962962962964
0 0.1111111111111111 0.8402777777777778 0.05015432098765432 0.08564814814814815
0 0.1720679012345679 0.8443287037037037 0.06558641975308642 0.08680555555555555
