0 0.067495126705653 0.0716831140350877 0.03274244639376218 0.13934576023391812
0 0.04503228557504873 0.4451754385964912 0.0182748538011696 0.18274853801169588
0 0.14059454191033138 0.36008315058479534 0.11954800194931776 0.021701388888888888
0 0.47182626705653025 0.3726471125730994 0.03274244639376218 0.04911366959064326
0 0.4954312865497076 0.36293859649122806 0.015990497076023468 0.09822733918128652
0 0.502665082846004 0.15963084795321636 0.01370614035087722 0.10051169590643273
0 0.446698343079922 0.012860928362573089 0.03883406432748528 0.02398574561403509
0 0.7052113791423001 0.1544910453216374 0.010660331384015601 0.10393823099415203
0 0.6614278752436648 0.20246253654970758 0.008375974658869354 0.07195723684210528
0 0.8045808966861598 0.20246253654970758 0.00989887914230023 0.07424159356725148
0 0.6591435185185185 0.3538011695906433 0.011421783625730974 0.07309941520467837
0 0.7132066276803118 0.361796418128655 0.009898879142300098 0.09137426900584798
0 0.8087688840155945 0.3589409722222222 0.007614522417153983 0.07881030701754385
0 0.8750152290448343 0.4166209795321637 0.010660331384015601 0.054824561403508804
0 0.7691733674463938 0.41490771198830406 0.009137426900584857 0.04911366959064326
0 0.6545748050682261 0.5131350511695906 0.011421783625730974 0.08566337719298239
0 0.7661275584795322 0.527983369883041 0.006091617933723238 0.05596673976608191
