0 0.6311035592917188 0.4132009659243359 0.004113754247898408 0.04722296753420982
0 0.6556072258987659 0.4093104373490743 0.00554462529064568 0.04588140595653341
0 0.6797531747451261 0.4050174403005098 0.004471472008585226 0.04534478132546284
0 0.751207297442318 0.39388247920579555 0.006438919692362726 0.04990609068956265
0 0.7779467000536576 0.3905285752616045 0.0051869075299588625 0.05178427689830963
0 0.8061169737077446 0.3846257043198283 0.005723484170989089 0.05178427689830963
0 0.8138973350026829 0.5091226187281996 0.006617778572706135 0.049637778374027365
0 0.7855482024682525 0.5114032734102495 0.005723484170989089 0.04990609068956265
0 0.7579145054551959 0.5144888650389053 0.00554462529064568 0.0491011537429568
0 0.6744768377749956 0.5260262946069224 0.005008048649615454 0.049637778374027365
0 0.6497943122876051 0.5287094177622753 0.0067966374530495435 0.050174403005097935
0 0.6256483634412449 0.5313925409176281 0.0053657664103022714 0.047491279849745105
