0 0.2209201388888889 0.25925925925925924 0.015625 0.04398148148148148
0 0.2981770833333333 0.27372685185185186 0.013888888888888888 0.03587962962962963
0 0.3138020833333333 0.33738425925925924 0.017361111111111112 0.04513888888888889
0 0.2947048611111111 0.4050925925925926 0.019097222222222224 0.041666666666666664
0 0.2131076388888889 0.40219907407407407 0.020833333333333332 0.03819444444444445
0 0.19921875 0.3275462962962963 0.017361111111111112 0.032407407407407406
0 0.5125868055555556 0.4322916666666667 0.008680555555555556 0.03125
0 0.625 0.4369212962962963 0.009548611111111112 0.03819444444444445
0 0.4904513888888889 0.49247685185185186 0.012152777777777778 0.026909722222222224
0 0.5368923611111112 0.4973958333333333 0.014322916666666666 0.026909722222222224
0 0.6057942708333334 0.5037615740740741 0.008897569444444444 0.02922453703703704
0 0.6501736111111112 0.5054976851851852 0.0078125 0.03211805555555555
0 0.7188585069444444 0.4888599537037037 0.010633680555555556 0.023148148148148147
0 0.7566189236111112 0.49074074074074076 0.010199652777777778 0.024016203703703703
0 0.7693142361111112 0.5319733796296297 0.009982638888888888 0.027777777777777776
0 0.7132161458333334 0.5279224537037037 0.009331597222222222 0.027777777777777776
0 0.7255859375 0.5681423611111112 0.012369791666666666 0.020833333333333332
0 0.7655164930555556 0.5710358796296297 0.011067708333333334 0.03009259259259259
