0 0.6306034482758621 0.28620689655172404 0.034482758620689766 0.05977011494252876
0 0.6258620689655173 0.36609195402298844 0.042241379310344884 0.06091954022988508
0 0.6754310344827588 0.3890804597701149 0.04482758620689651 0.07701149425287357
0 0.6702586206896551 0.48333333333333334 0.05 0.0724137931034483
0 0.7418103448275861 0.539080459770115 0.056896551724137906 0.09195402298850573
0 0.735344827586207 0.65 0.05775862068965534 0.08620689655172412
0 0.315948275862069 0.47988505747126436 0.03793103448275866 0.08390804597701147
0 0.29870689655172417 0.3775862068965517 0.05689655172413796 0.10000000000000003
0 0.3663793103448276 0.36666666666666664 0.035344827586206974 0.07126436781609201
0 0.3603448275862069 0.28563218390804596 0.04741379310344837 0.07701149425287357
0 0.2228448275862069 0.5333333333333333 0.07068965517241384 0.09425287356321845
0 0.23750000000000002 0.6419540229885058 0.04482758620689657 0.09540229885057465
