0 0.3595617529880478 0.2438497340425532 0.06349601593625498 0.028091755319148936
0 0.301792828685259 0.2440159574468085 0.05029880478087649 0.03125
0 0.20318725099601595 0.3238031914893617 0.05129482071713148 0.036569148936170214
0 0.26643426294820716 0.32197473404255317 0.0801792828685259 0.03956117021276596
0 0.34213147410358563 0.3214760638297872 0.05826693227091633 0.03723404255319149
0 0.4068725099601594 0.3204787234042553 0.07221115537848606 0.03590425531914894
0 0.6337151394422311 0.24168882978723405 0.06274900398406374 0.02925531914893617
0 0.6919820717131474 0.24351728723404256 0.05179282868525897 0.02759308510638298
0 0.5886454183266933 0.32081117021276595 0.07221115537848606 0.03590425531914894
0 0.6511454183266933 0.3201462765957447 0.05677290836653386 0.03922872340425532
0 0.728585657370518 0.3194813829787234 0.07918326693227092 0.041223404255319146
0 0.7935756972111554 0.32164228723404253 0.05079681274900399 0.03756648936170213
