0 0.2515151515151515 0.20170454545454544 0.01590909090909084 0.04204545454545453
0 0.2674242424242424 0.20681818181818182 0.03409090909090908 0.08863636363636362
0 0.293560606060606 0.02954545454545455 0.03484848484848491 0.05454545454545455
0 0.6367424242424242 0.15625 0.018181818181818167 0.03977272727272725
0 0.6571969696969697 0.1630681818181818 0.024242424242424326 0.026136363636363628
0 0.7791666666666667 0.14772727272727273 0.019696969696969668 0.02954545454545453
0 0.8071969696969696 0.030681818181818185 0.02121212121212132 0.03181818181818182
0 0.6291666666666667 0.05625 0.02121212121212132 0.030681818181818178
0 0.027651515151515156 0.06363636363636364 0.03030303030303031 0.025
0 0.07462121212121213 0.22329545454545457 0.030303030303030293 0.0375
0 0.01799242424242425 0.1940398886827458 0.035984848484848495 0.017625231910946212
