0 0.4297271356094885 0.18643938415285788 0.029137529137529043 0.10804335826942726
0 0.5488482106129164 0.1870265763173656 0.03427944604415196 0.1021714366243497
0 0.7108185931715344 0.22578125917487754 0.029137529137529216 0.10217143662434966
0 0.8196558343617169 0.22343249051684652 0.03770739064856712 0.10217143662434966
0 0.4520087755381873 0.371992108137309 0.0394213629507747 0.061067985108806684
0 0.5454202660085012 0.37434087679534 0.02056766762649114 0.06576552242486876
0 0.43144110791169615 0.5822069030310859 0.0394213629507747 0.06811429108289976
0 0.5514191690662279 0.5833812873601015 0.03256547374194438 0.07046305974093077
0 0.7082476347182228 0.6127408955854894 0.03770739064856712 0.07046305974093088
0 0.800802139037433 0.6080433582694272 0.054847113670642926 0.08690444034714805
