0 0.2975300214106184 0.24754525571222488 0.0744717162627611 0.07445669877611802
0 0.7358271014987433 0.19402950346689007 0.051199304930648115 0.06747638326585695
0 0.762978248052875 0.272558052957327 0.049647810841840605 0.07794685653124848
0 0.8459831818040773 0.36621061938666294 0.041890340397803164 0.06514961142910329
0 0.8646011108697675 0.44066731816278093 0.04499332857541827 0.08143701428637902
0 0.782371924162969 0.5599143747964074 0.05430229310826313 0.06631299734748013
0 0.8071958295838895 0.6378612313276559 0.060508269463493435 0.089580715715017
0 0.33864461476401775 0.3458513658150682 0.07912619852918362 0.10354134673553902
0 0.16255003568436407 0.4523011773465494 0.10860458621652644 0.07678347061287169
0 0.22150681105904993 0.5459537437758853 0.09308964532845138 0.10586811857229281
0 0.19047692928289942 0.6250639862255106 0.10239860986129641 0.059332681837219056
0 0.2432277283023552 0.7256968681651077 0.0992956216836814 0.11633859183768444
