0 0.5790833333333333 0.308625 0.009833333333333333 0.03725
0 0.37175 0.19375 0.0085 0.0435
0 0.39125 0.310875 0.012833333333333334 0.04575
0 0.5629166666666666 0.396 0.012833333333333334 0.045
0 0.5446666666666666 0.5125 0.014 0.046
0 0.4106666666666667 0.45225 0.021666666666666667 0.0495
0 0.2688333333333333 0.39025 0.025333333333333333 0.0515
0 0.34141666666666665 0.422875 0.016833333333333332 0.04325
0 0.6128333333333333 0.420625 0.011666666666666667 0.03725
0 0.599 0.531875 0.010333333333333333 0.04125
0 0.6489166666666667 0.5535 0.0145 0.036
