0 0.12526351686507944 0.3436337425595238 0.012400793650793643 0.0964936755952381
0 0.305850074404762 0.40408761160714296 0.021701388888888888 0.08719308035714286
0 0.46706039186507947 0.45000930059523814 0.02635168650793644 0.07905505952380946
0 0.6158699156746033 0.46279761904761907 0.05115327380952382 0.03952752976190473
0 0.7220517113095238 0.4122256324404763 0.05580357142857137 0.03603980654761899
0 0.7193390376984128 0.49476841517857145 0.07828000992063494 0.05464099702380946
0 0.6596602182539684 0.5197637648809524 0.014725942460317418 0.09068080357142853
0 0.8297836061507936 0.4534970238095239 0.0759548611111111 0.0465029761904762
0 0.8948877728174602 0.43082682291666674 0.012400793650793792 0.10579427083333333
0 0.8421843998015873 0.366303943452381 0.051153273809523725 0.0395275297619048
0 0.9522414434523808 0.40408761160714296 0.07130456349206346 0.05929129464285713
