0 0.6109817617384555 0.07579284259528658 0.05587892898719441 0.04073319755600815
0 0.6948001552192472 0.15725923770730288 0.07450523864959255 0.08961303462321792
0 0.6505626697710516 0.2934244981088158 0.08226620100892511 0.054698865289496655
0 0.7475746992627086 0.37721850450974687 0.0807140085370586 0.09659586848996217
0 0.7079937912301125 0.566918824556299 0.0946837407838572 0.0523712540005819
0 0.8205277454404346 0.6652604015129473 0.11175785797438882 0.10707011929007856
0 0.2826930539386884 0.3556881000872854 0.06053550640279395 0.08612161768984579
0 0.32227396197128444 0.24803607797497818 0.11796662786185487 0.09659586848996217
0 0.3401241753977493 0.12176316555135293 0.045013581684128834 0.07448356124527204
0 0.26949941792782306 0.5011638056444574 0.1614280170741172 0.1373290660459703
0 0.2671711292200233 0.6955193482688391 0.06363989134652696 0.1047425080011638
0 0.20120294916569656 0.8113180098923479 0.16763678696158324 0.11754437009019494
