0 0.5257201646090535 0.16128812636165582 0.02042483660130727 0.17361111111111116
0 0.9572893972403776 0.11022603485838783 0.08321229726458496 0.04652323892519971
0 0.9626944141854273 0.49402824475587964 0.07435396998305493 0.04933099931568072
0 0.500756475429678 0.5533315177923022 0.018911885741951094 0.17928467683369645
0 0.6134713144517067 0.46766067538126366 0.12784434761558944 0.04879266521423385
0 0.4716321713870733 0.2707879448075527 0.018155410312273038 0.09531590413943353
0 0.46974098281287824 0.0682416485112564 0.01588598402323898 0.09872004357298475
0 0.277217985959816 0.06143336964415401 0.013616557734204806 0.09872004357298475
0 0.27116618252239166 0.26795116194626 0.012103606874848691 0.09645061728395062
0 0.3241194625998547 0.32071532316630363 0.009077705156136519 0.06808278867102394
0 0.32449770031469377 0.4676606753812637 0.011347131445170692 0.07148692810457515
0 0.327901839748245 0.618010167029775 0.010590656015492634 0.07716049382716049
0 0.4591503267973856 0.4773057371096587 0.03404139433551202 0.045388525780682594
0 0.4761710239651416 0.49432643427741474 0.010590656015492576 0.08396877269426292
0 0.1822803195352215 0.31560911401597685 0.00832122972645852 0.07148692810457519
0 0.26095376422173805 0.47503631082062464 0.006808278867102403 0.09531590413943362
0 0.17849794238683128 0.4739015976761075 0.011347131445170633 0.08623819898329702
0 0.22237351730815785 0.5238289760348585 0.00832122972645846 0.05900508351488737
0 0.22426470588235292 0.6316267247639797 0.009077705156136519 0.04992737835875094
0 0.11873638344226582 0.5198574800290486 0.00832122972645849 0.05333151779230211
0 0.8903413217138708 0.5062409222948439 0.04311909949164848 0.03971496005809733
0 0.8789941902687001 0.12214052287581703 0.040093197772936365 0.04992737835875089
