0 0.6067307692307692 0.3735576923076923 0.009375 0.029487179487179487
0 0.6092548076923077 0.4059294871794872 0.012980769230769231 0.022435897435897436
0 0.43149038461538464 0.37243589743589745 0.013701923076923077 0.027884615384615386
0 0.4388221153846154 0.4059294871794872 0.013461538461538462 0.02435897435897436
0 0.42427884615384615 0.4623397435897436 0.014663461538461538 0.027564102564102563
0 0.43185096153846153 0.49246794871794874 0.014423076923076924 0.026282051282051282
0 0.4169471153846154 0.5636217948717949 0.016346153846153847 0.025
0 0.4251201923076923 0.5931089743589744 0.013461538461538462 0.026282051282051282
0 0.28521634615384617 0.3975961538461538 0.015865384615384615 0.023717948717948717
0 0.2981971153846154 0.42980769230769234 0.009615384615384616 0.022115384615384617
0 0.2685096153846154 0.48525641025641025 0.013701923076923077 0.02467948717948718
0 0.2796875 0.5131410256410256 0.016346153846153847 0.027243589743589744
0 0.2454326923076923 0.5807692307692308 0.019951923076923075 0.02980769230769231
0 0.2626201923076923 0.6131410256410257 0.01826923076923077 0.027884615384615386
0 0.6108173076923077 0.45625 0.012259615384615384 0.03012820512820513
0 0.6131009615384615 0.48717948717948717 0.01201923076923077 0.022756410256410255
0 0.6171875 0.5496794871794872 0.0125 0.027243589743589744
0 0.6185096153846154 0.5815705128205129 0.01514423076923077 0.02564102564102564
0 0.7897836538461539 0.558974358974359 0.020673076923076922 0.02532051282051282
0 0.7846153846153846 0.5871794871794872 0.018990384615384614 0.027884615384615386
0 0.770673076923077 0.49246794871794874 0.015625 0.025
0 0.7725961538461539 0.4596153846153846 0.01514423076923077 0.027884615384615386
0 0.7545673076923077 0.4076923076923077 0.012740384615384615 0.021474358974358974
0 0.7574519230769231 0.3748397435897436 0.010336538461538461 0.02564102564102564
