0 0.5149259131945073 0.07312289445751996 0.03618403198668427 0.06691587059855093
0 0.4841694860058256 0.1723429784484748 0.03618403198668427 0.06230098297106467
0 0.5239719211911784 0.2075314966080576 0.03799323358601849 0.05883981725044997
0 0.490953992003329 0.294637500576861 0.03527943118701722 0.057686095343578374
0 0.5470392415826896 0.37193686833725603 0.04070703598501977 0.0553786515298353
0 0.5090460079966711 0.4486593751442153 0.042516237584353994 0.05653237343670679
0 0.2643514916867187 0.4030873598227883 0.025328822390678976 0.05999353915732152
0 0.2620899896875509 0.31540449490054917 0.02985182638901454 0.07383820203978035
0 0.29646482007490094 0.2513729290691772 0.02985182638901451 0.07268448013290878
0 0.3032493260724043 0.14349993077668557 0.01990121759267636 0.0715307582260372
0 0.317722938867078 0.11696432691863952 0.023519620791344814 0.06460842678480778
0 0.3260606444376097 0.02271678434630117 0.024936225643623362 0.04543356869260232
0 0.8223499719573752 0.6761444921316166 0.017106001121704992 0.03934191702432046
0 0.8091699383062254 0.6035407725321889 0.010936623667975322 0.03862660944206009
0 0.7969713965227145 0.5370171673819742 0.011777902411665733 0.033619456366237484
0 0.7352776219854178 0.5221745350500715 0.01065619742007852 0.028969957081545063
0 0.7428491306786316 0.5913805436337625 0.01065619742007852 0.032188841201716736
0 0.7502804262478968 0.6643419170243204 0.009254066180594503 0.033619456366237484
