0 0.4717454194792671 0.3505381604696673 0.014657666345226614 0.051614481409001954
0 0.5388621022179364 0.27898727984344424 0.047058823529411764 0.017123287671232876
0 0.5552555448408871 0.37952544031311153 0.050916104146576664 0.01908023483365949
0 0.4746383799421408 0.46367416829745595 0.019286403085824494 0.043052837573385516
0 0.6213114754098361 0.3396526418786693 0.04223722275795564 0.01223091976516634
0 0.5745419479267116 0.5033023483365949 0.0570877531340405 0.012720156555772993
0 0.7297010607521697 0.45511252446183953 0.01832208293153327 0.030332681017612523
0 0.6616200578592093 0.4428816046966732 0.04725168756027001 0.010273972602739725
0 0.7415621986499518 0.4454500978473581 0.008100289296046287 0.018835616438356163
0 0.7949855351976857 0.40912426614481406 0.04127290260366442 0.00684931506849315
0 0.759016393442623 0.6368639921722113 0.017550626808100288 0.02054794520547945
0 0.7721311475409836 0.6361301369863014 0.010221793635486982 0.03228962818003914
0 0.204725168756027 0.5204256360078278 0.030665380906460944 0.053816046966731895
0 0.1948891031822565 0.36570450097847357 0.029893924783027964 0.0574853228962818
0 0.24743995959039353 0.27751374522411715 0.07439041190246591 0.016307893020221807
0 0.189121550259448 0.22800764141272953 0.0257152041144326 0.06639642158233162
0 0.22493915599026493 0.1493803000652316 0.06796161087385773 0.02562668903177708
0 0.04263672682187625 0.02648867766284597 0.07622721219635394 0.0430994315534433
0 0.016496762639481986 0.14033585676520066 0.03299352527896398 0.030834792460603517
0 0.01925196308031407 0.1760724837880358 0.03850392616062814 0.04213329167283346
0 0.267644762823162 0.4365157021712795 0.07439041190246591 0.02446183953033268
0 0.4752031960325114 0.5856164383561644 0.019286403085824494 0.04775882955922099
