0 0.528030303030303 0.2420454545454545 0.026515151515151502 0.10227272727272722
0 0.47765151515151516 0.3164772727272727 0.03333333333333333 0.10113636363636362
0 0.7329545454545453 0.30056818181818173 0.03484848484848484 0.0852272727272727
0 0.790151515151515 0.4142045454545454 0.04015151515151517 0.09204545454545456
0 0.7742424242424243 0.5102272727272728 0.04924242424242417 0.08636363636363649
0 0.7200757575757575 0.3994318181818181 0.016666666666666666 0.04886363636363632
0 0.6931818181818181 0.4471590909090909 0.04621212121212132 0.0693181818181818
0 0.5117424242424242 0.3505681818181818 0.03484848484848484 0.0693181818181818
0 0.45681818181818185 0.4471590909090909 0.05075757575757575 0.10340909090909088
0 0.5162878787878787 0.4386363636363636 0.036363636363636334 0.1
0 0.490530303030303 0.5772727272727273 0.06060606060606059 0.09772727272727263
0 0.7159090909090909 0.68125 0.04924242424242417 0.09659090909090912
0 0.7568181818181817 0.6335227272727273 0.020454545454545496 0.07613636363636363
0 0.737878787878788 0.5698863636363637 0.05378787878787883 0.07613636363636363
0 0.22750142938822185 0.059659090909090905 0.03151801029159522 0.11931818181818184
0 0.32007575757575757 0.0346590909090909 0.016666666666666666 0.06477272727272729
0 0.24621212121212122 0.6011363636363637 0.015909090909090914 0.09090909090909088
0 0.23106060606060605 0.6806818181818183 0.035606060606060586 0.07045454545454549
0 0.24356060606060603 0.7494318181818183 0.01515151515151509 0.07159090909090912
0 0.2303030303030303 0.825 0.03712121212121209 0.07272727272727275
0 0.1712121212121212 0.865909090909091 0.014393939393939396 0.08409090909090912
0 0.1560606060606061 0.9494318181818182 0.037121212121212145 0.07840909090909087
