0 0.717391304347826 0.2208498023715415 0.01015228426395939 0.03689064558629776
0 0.8327080114764952 0.2122859025032938 0.00904877510483337 0.03359683794466403
0 0.8353564334583977 0.2859025032938076 0.008607371441182963 0.03194993412384717
0 0.8375634517766497 0.36116600790513836 0.007724564113882146 0.03293807641633729
0 0.716839549768263 0.29446640316205536 0.007724564113882146 0.03458498023715415
0 0.7170602516000882 0.3695652173913043 0.007283160450231737 0.033267457180500656
0 0.7161774442727875 0.4743083003952569 0.005958949459280512 0.033267457180500656
0 0.8409843301699405 0.4673913043478261 0.0052968439638048995 0.03458498023715415
0 0.8442948576473185 0.5500658761528326 0.006621054954756124 0.037220026350461136
0 0.714632531450011 0.5573122529644269 0.005517545795630104 0.035243741765480896
0 0.7139704259545354 0.6409749670619236 0.005076142131979695 0.038537549407114624
0 0.8473846832928713 0.6330698287220027 0.006179651291105716 0.036561264822134384
