0 0.39885602678571436 0.29073660714285715 0.08370535714285715 0.04417782738095236
0 0.5724671378968255 0.293061755952381 0.02325148809523804 0.14880952380952386
0 0.46085999503968256 0.3872302827380953 0.03410218253968248 0.1185825892857143
0 0.3573908730158731 0.46686662946428575 0.020926339285714315 0.11044456845238093
0 0.30003720238095244 0.38897414434523814 0.08603050595238099 0.040690104166666664
0 0.22098214285714293 0.4540783110119048 0.07983010912698409 0.04301525297619054
0 0.8786117311507937 0.6371837797619048 0.04185267857142843 0.03487723214285713
0 0.9708426339285714 0.6377650669642857 0.046502976190476275 0.03836495535714287
0 0.9456535218253967 0.695893787202381 0.06122891865079359 0.05464099702380946
0 0.8669859871031745 0.6953125 0.05580357142857137 0.05580357142857147
0 0.7832806299603176 0.6929873511904763 0.06045386904761892 0.06742931547619054
