0 0.2870989718815806 0.20271274619100704 0.03174160782856437 0.0929022668153103
0 0.42142016598538334 0.1829710144927536 0.02941905115818154 0.10916016350798959
0 0.6889012758577976 0.18180973615756224 0.034838350055741284 0.0929022668153103
0 0.8317385110863372 0.2114223337049424 0.029419051158181622 0.10335377183203272
0 0.8665768611420785 0.31187290969899667 0.02787068004459296 0.06270903010033446
0 0.8065774804905239 0.4059364548494983 0.034838350055741284 0.08593459680416199
0 0.8499318716710021 0.5389028242289112 0.028644865601387452 0.06619286510590859
0 0.7295460175894959 0.4581939799331104 0.026322308931004627 0.05574136008918616
0 0.7338040381518643 0.2630992196209587 0.020903010033444802 0.05109624674842067
0 0.7067075436640654 0.3002601263470829 0.020903010033444802 0.0673541434411
0 0.24877678682026508 0.2985182088442958 0.023225566703827548 0.05922519509476032
0 0.37187229035055125 0.260776662950576 0.023225566703827548 0.048773690078037925
0 0.3950978570543787 0.2979375696767001 0.018580453363062056 0.06038647342995169
0 0.2998730335686858 0.38967855815681907 0.026322308931004543 0.0812894834633965
0 0.2832280440976094 0.527870680044593 0.03793509228291836 0.08593459680416206
0 0.4252910937693547 0.3949043106651802 0.024773937817416047 0.07780564845782238
0 0.41716214542301494 0.5365802675585284 0.03948346339650686 0.08012820512820513
0 0.3912269292704076 0.4396135265700483 0.017032082249473557 0.05574136008918616
0 0.6707079152731327 0.3920011148272018 0.038709277839712605 0.12077294685990338
0 0.7036108014368885 0.539483463396507 0.028644865601387293 0.06735414344109995
