0 0.11832825773361112 0.3508216285688056 0.04274189239728588 0.025245570549894385
0 0.11565688945878076 0.38811622142660424 0.046748944809531456 0.021802992747636116
0 0.11999786290538011 0.47188561461489026 0.04474541860340866 0.033278252088497176
0 0.20481380563124432 0.48163958505462223 0.0420740503285783 0.03901588175892771
0 0.20815301597478225 0.36516570274488197 0.03272426136667198 0.03557330395666944
0 0.17643051771117166 0.3995914807674653 0.03739915584762514 0.03098320022032498
0 0.17342522840198749 0.5143440741760763 0.03940268205374792 0.02639309648398058
0 0.20948870011219747 0.6095887267052236 0.03940268205374792 0.019507940879463916
0 0.12033178393973391 0.5017212889011292 0.050755997221777004 0.03098320022032498
0 0.11565688945878076 0.5963921784632332 0.0427418923972859 0.027540622418066648
0 0.11632473152748835 0.6210639860460846 0.04942031308436182 0.028688148352152717
0 0.5617753913554523 0.14025061966400437 0.037399155847625105 0.014917837143119455
0 0.5641128385959289 0.23893784999540987 0.0420740503285783 0.017212889011291654
0 0.563778917561575 0.33819884329385846 0.04140620825987066 0.016065363077205522
0 0.6636213068333602 0.33303497659047093 0.01001763103061388 0.05852382263839163
0 0.6632873857990063 0.23147893142385015 0.008014104824491105 0.07114660791333882
0 0.6619517016615911 0.1270540714220141 0.006678420687075823 0.05737629670430553
