0 0.285651193957115 0.15355805243445694 0.04568713450292398 0.032771535580524334
0 0.23120735867446396 0.16935861423220971 0.04644858674463935 0.04564606741573034
0 0.4055799220272905 0.23373127340823968 0.05406310916179332 0.033941947565543085
0 0.3461866471734893 0.2588951310861423 0.04187987329434703 0.042134831460674156
0 0.28450901559454195 0.3121488764044944 0.043402777777777776 0.022237827715355825
0 0.2353953460038986 0.3297050561797753 0.0517787524366472 0.03160112359550562
0 0.4071028265107213 0.3899812734082397 0.04644858674463935 0.025749063670411944
0 0.3439022904483431 0.40870786516853935 0.04797149122807018 0.03277153558052437
0 0.28565119395711497 0.47717696629213485 0.0517787524366472 0.022237827715355825
0 0.23501461988304093 0.48946629213483145 0.04797149122807018 0.03745318352059923
0 0.4074835526315789 0.5485720973782771 0.05330165692007795 0.022237827715355825
0 0.34276011208577 0.5649578651685393 0.05025584795321637 0.03628277153558061
