0 0.30043232570806105 0.26000816993464054 0.010212418300653595 0.06013979665940445
0 0.16681985294117646 0.25603667392883084 0.010212418300653595 0.059005083514887424
0 0.15958605664488018 0.37688362381989826 0.012765522875816993 0.06467864923747277
0 0.30511301742919394 0.37688362381989826 0.011063453159041456 0.060139796659404485
0 0.31362336601307195 0.4948937908496732 0.009361383442265826 0.060139796659404485
0 0.14937363834422657 0.4954611474219317 0.016169662309368206 0.06581336238198979
0 0.729779411764706 0.2543346042120552 0.009361383442265734 0.035176107480029035
0 0.7285028594771242 0.3678059186637618 0.011914488017429132 0.044253812636165575
0 0.7238221677559913 0.4818445896877269 0.009361383442265734 0.04311909949164855
0 0.8761574074074074 0.25717138707334786 0.016169662309368067 0.036310820624546124
0 0.8787105119825709 0.3723447712418301 0.00936138344226592 0.03971496005809729
0 0.8863698257080611 0.4897875816993464 0.012765522875816993 0.04538852578068266
