0 0.19595709570957096 0.29872389791183296 0.01485148514851485 0.07076566125290024
0 0.16377887788778878 0.42923433874709976 0.04455445544554455 0.06960556844547564
0 0.18811881188118812 0.4866589327146172 0.02392739273927393 0.04988399071925754
0 0.1551155115511551 0.6038283062645011 0.04207920792079208 0.07308584686774942
0 0.15676567656765678 0.6867749419953596 0.022277227722772276 0.05336426914153132
0 0.12665016501650164 0.7911832946635731 0.04950495049504951 0.06264501160092807
0 0.5107260726072608 0.8439675174013921 0.06023102310231023 0.0568445475638051
0 0.5697194719471947 0.7488399071925754 0.013201320132013201 0.06380510440835267
0 0.48514851485148514 0.6624129930394431 0.05363036303630363 0.06728538283062645
0 0.5457920792079208 0.552784222737819 0.019801980198019802 0.05916473317865429
0 0.4822607260726073 0.49361948955916474 0.052805280528052806 0.0568445475638051
0 0.5371287128712872 0.3805104408352668 0.017326732673267328 0.06264501160092807
