0 0.36363636363636365 0.15465507571508694 0.06764495347172512 0.013740886146943354
0 0.2945597709377237 0.18311833987661244 0.0662133142448103 0.0358945597307908
0 0.6036148890479599 0.2072349971957375 0.06299212598425197 0.035333707234997194
0 0.6853972798854688 0.18241727425687043 0.06335003579098067 0.017106001121704992
0 0.6857551896921976 0.3819405496354459 0.07050823192555476 0.020190689848569827
0 0.6052254831782391 0.4022714526079641 0.06907659269863994 0.03224901850813236
0 0.27415891195418757 0.37899607403252944 0.06048675733715104 0.03168816601233875
0 0.34591982820329276 0.35768367919237243 0.06227630637079456 0.016545148625911384
0 0.31191839656406584 0.5625350532809871 0.06227630637079456 0.015703869882220976
0 0.6198997852541159 0.5988502523836231 0.06764495347172512 0.027201346045989904
0 0.698639942734431 0.5846887268648345 0.0662133142448103 0.0179472798653954
0 0.23872584108804581 0.5776780706674145 0.0662133142448103 0.035333707234997194
