0 0.5018939393939393 0.4676136363636364 0.02727272727272725 0.04431818181818181
0 0.5291666666666667 0.47102272727272726 0.02424242424242425 0.04659090909090912
0 0.5931818181818181 0.4642045454545454 0.02954545454545458 0.04886363636363637
0 0.6265151515151515 0.4659090909090909 0.03257575757575766 0.0545454545454545
0 0.5003787878787879 0.6210227272727272 0.028787878787878755 0.051136363636363626
0 0.5303030303030303 0.6221590909090909 0.03106060606060608 0.051136363636363626
0 0.590530303030303 0.6170454545454545 0.03030303030303033 0.05454545454545462
0 0.6231060606060606 0.6153409090909091 0.03030303030303018 0.057954545454545495
0 0.5007575757575757 0.7767045454545455 0.029545454545454503 0.051136363636363626
0 0.5295454545454545 0.7784090909090909 0.025 0.052272727272727366
0 0.5901515151515152 0.76875 0.02803030303030308 0.042045454545454504
