0 0.497625 0.23033333333333333 0.02675 0.05466666666666667
0 0.537375 0.3130833333333333 0.01975 0.0275
0 0.49475 0.3323333333333333 0.0765 0.011333333333333334
0 0.589125 0.34441666666666665 0.09375 0.035166666666666666
0 0.429 0.36183333333333334 0.07 0.009333333333333334
0 0.464625 0.347 0.01725 0.024666666666666667
0 0.505 0.371 0.0735 0.027333333333333334
0 0.23775 0.44216666666666665 0.0695 0.009666666666666667
0 0.3115 0.4484166666666667 0.056 0.0175
0 0.2765 0.4255833333333333 0.015 0.0205
0 0.289875 0.41933333333333334 0.06825 0.007
0 0.32925 0.4048333333333333 0.011 0.022333333333333334
0 0.36525 0.4275 0.0615 0.021
0 0.3295 0.38758333333333334 0.047 0.011833333333333333
0 0.305 0.32816666666666666 0.0155 0.045
