0 0.06356095679012339 0.49095775462962965 0.038580246913580245 0.022907021604938294
0 0.09329989711934152 0.5108506944444444 0.03536522633744859 0.02652391975308644
0 0.12303883744855962 0.5289351851851851 0.04018775720164608 0.021701388888888888
0 0.30508937757201643 0.5349633487654321 0.05063657407407408 0.014467592592592593
0 0.3565297067901234 0.56811824845679 0.04420653292181067 0.01567322530864193
0 0.5204957561728395 0.646484375 0.02973894032921808 0.030140817901234525
0 0.535767103909465 0.6615547839506173 0.02652391975308642 0.03134645061728386
0 0.5498328189300411 0.6724054783950618 0.03697273662551446 0.026523919753086506
0 0.735500257201646 0.7357011959876544 0.03054269547325097 0.027729552469135714
0 0.7415284207818931 0.7465518904320988 0.02652391975308642 0.032552083333333336
0 0.7535847479423867 0.7574025848765432 0.03295396090534974 0.020495756172839417
0 0.8741480195473252 0.7688560956790125 0.06028163580246913 0.03134645061728399
