0 0.632588865645875 0.41484000419967104 0.011664709587613661 0.04899616196731252
0 0.6555294611681818 0.41484000419967104 0.0077764730584090535 0.05599561367692863
0 0.6804141749550908 0.40900712777499093 0.009331767670090864 0.05832876424680065
0 0.7515689034395341 0.3938416490708228 0.010109414975931688 0.0513293125371846
0 0.7795642064498068 0.3920917861434188 0.011664709587613661 0.06182849010160867
0 0.8063930385013182 0.3856756220762707 0.0077764730584090535 0.06299506538654474
0 0.6263676871991477 0.5314975326932724 0.00855412036425004 0.05599561367692875
0 0.6508635773331364 0.5274145191959964 0.010887062281772676 0.05016273725224859
0 0.675359467467125 0.5320808203357404 0.00855412036425004 0.06182849010160879
0 0.7581789055391819 0.5180819169165082 0.0077764730584090535 0.059495339531736656
0 0.7861742085494545 0.5145821910617001 0.009331767670090864 0.059495339531736656
0 0.8133918642538862 0.5116657528493601 0.010887062281772676 0.06299506538654474
