0 0.04467271090534975 0.43790991512345673 0.0329539609053498 0.17722800925925927
0 0.06816593792866936 0.07156635802469134 0.03419281550068586 0.14313271604938269
0 0.4995981224279835 0.16302565586419748 0.016878858024691402 0.10489004629629628
0 0.49356995884773663 0.36798321759259256 0.016075102880658467 0.09765625
0 0.5413933899176955 0.36798321759259256 0.10529192386831283 0.04460841049382718
0 0.705761316872428 0.15458622685185183 0.016075102880658335 0.09283371913580246
0 0.6607510288065844 0.2052228009259259 0.011252572016460979 0.0759548611111111
0 0.8050250771604938 0.20281153549382713 0.010448816872428043 0.07354359567901238
0 0.8090438528806585 0.3565297067901234 0.013663837448559656 0.07233796296296295
0 0.6575360082304527 0.3511043595679012 0.016075102880658467 0.06872106481481483
0 0.7133969907407407 0.36496913580246915 0.013663837448559656 0.09886188271604936
0 0.6539191100823045 0.5084394290123456 0.007233796296296296 0.07233796296296299
