0 0.2757648953301127 0.30249329564398064 0.016908212560386486 0.09784735812133076
0 0.3007246376811594 0.30370128771955257 0.018518518518518427 0.09784735812133076
0 0.6658615136876006 0.6455630451064241 0.0193236714975845 0.051943659249595354
0 0.7741545893719807 0.649791017370926 0.016908212560386385 0.05315165132516733
0 0.7983091787439612 0.7742142011548405 0.016908212560386583 0.0555676354763113
0 0.6384863123993557 0.7760261892681984 0.02415458937198062 0.05435964340073924
0 0.7822061191626408 0.9010533690898987 0.02012882447665047 0.05798361962745526
0 0.6561996779388083 0.9004493730521128 0.016103059581320415 0.04952767509845146
0 0.4561191626409017 0.3967166775385954 0.016908212560386486 0.039863738493875464
0 0.5426731078904992 0.3985286656519534 0.017713365539452554 0.04107173056944745
