0 0.7155783964435475 0.22120271033314506 0.011823312419207336 0.03999623564840957
0 0.8318409685657534 0.21238001129305475 0.011035091591260208 0.03646715603237341
0 0.8353879622915156 0.2888434029738377 0.00867042910741862 0.03881987577639749
0 0.7171548380994419 0.29354884246188595 0.011823312419207336 0.04117259552042161
0 0.7159725068575212 0.3682476943346509 0.011035091591260107 0.04234895539243368
0 0.8365702935334363 0.3635422548466027 0.012611533247154666 0.04234895539243368
0 0.8401172872591984 0.4670619235836627 0.010246870763313078 0.03999623564840953
0 0.7147901756156004 0.47588462262375303 0.011823312419207336 0.04352531526444569
0 0.8428760601570136 0.5499952945605119 0.011035091591260208 0.04823075475249385
0 0.8464230538827757 0.6352813852813852 0.007093987451524362 0.04234895539243361
0 0.7140019547876533 0.5582298136645962 0.010246870763313078 0.04117259552042161
0 0.7132137339597061 0.6405750047054395 0.010246870763312979 0.04352531526444569
