0 0.42419243338360985 0.1612226621417798 0.04477752639517337 0.020032051282051273
0 0.48860922574157867 0.20423265460030166 0.040064102564102665 0.05420437405731523
0 0.49175150829562597 0.3226574283559578 0.03692182001005525 0.045955882352941214
0 0.5094268476621417 0.44284973604826544 0.036136249371543534 0.0483125942684766
0 0.35466943187531424 0.28789592760180993 0.05027652086475617 0.018853695324283562
0 0.35270550527903466 0.3904128959276018 0.04634866767219704 0.01414027149321261
0 0.34759929612870794 0.508248491704374 0.04399195575666161 0.01414027149321268
0 0.4245852187028657 0.28495003770739064 0.047134238310708794 0.022388763197586696
0 0.45286576168929116 0.2006975867269985 0.01728255404725996 0.061274509803921566
0 0.4567936148818502 0.32442496229260936 0.012569130216189111 0.06834464555052787
0 0.4595431121166415 0.44991987179487175 0.00864127702362998 0.07423642533936654
