0 0.5245145318930041 0.17025945216049387 0.012056327160493827 0.20616319444444445
0 0.9548932613168725 0.11049817111959293 0.08995627572016461 0.05047165088116108
0 0.9605195473251029 0.49094971707818924 0.0787037037037037 0.047003600823045236
0 0.4995981224279835 0.5584731867283951 0.02652391975308642 0.1892843364197531
0 0.47468171296296297 0.49517746913580246 0.0184863683127572 0.08198302469135803
0 0.47066293724279834 0.2799720293209877 0.021701388888888888 0.10247878086419752
0 0.4702610596707819 0.07260320216049387 0.014467592592592593 0.10247878086419752
0 0.2809767232510288 0.06898630401234572 0.023308899176954733 0.10730131172839506
0 0.2737429269547325 0.2721354166666667 0.0184863683127572 0.10609567901234568
0 0.3267907664609053 0.3269917052469136 0.016878858024691357 0.0759548611111111
0 0.18532986111111113 0.32397762345679015 0.010448816872427984 0.08198302469135803
0 0.32478137860082307 0.4710648148148148 0.014467592592592593 0.0699266975308642
0 0.3279963991769547 0.6229745370370371 0.006430041152263375 0.07957175925925926
