0 0.8243152006172839 0.4993971836419753 0.05385159465020582 0.0759548611111111
0 0.7700617283950617 0.5018084490740741 0.056262860082304675 0.07836612654320986
0 0.8327546296296297 0.8273292824074074 0.0626929012345679 0.0904224537037037
0 0.7728748713991769 0.8357687114197532 0.05706661522633748 0.08318865740740741
0 0.6458815586419753 0.8363715277777778 0.06188914609053501 0.07474922839506178
0 0.5823849022633745 0.8405912422839507 0.06349665637860089 0.08077739197530873
0 0.6503022119341564 0.5060281635802469 0.06430041152263387 0.08680555555555555
0 0.5916280864197531 0.5084394290123456 0.056262860082304494 0.07233796296296297
0 0.37019354423868306 0.5168788580246914 0.058674125514403354 0.07957175925925926
0 0.3111175411522633 0.5180844907407407 0.04822530864197531 0.0747492283950617
0 0.19859182098765424 0.5235098379629629 0.05787037037037035 0.08318865740740741
0 0.13991769547325097 0.5210985725308641 0.0594778806584362 0.07836612654320992
0 0.1077674897119341 0.8430025077160495 0.056262860082304494 0.09765625
0 0.16885288065843615 0.8502363040123457 0.0643004115226337 0.0904224537037037
0 0.2906217849794238 0.8448109567901235 0.04742155349794233 0.08198302469135807
0 0.3444733796296296 0.8454137731481481 0.06188914609053501 0.08559992283950622
