0 0.2670634920634921 0.3898809523809524 0.018253968253968272 0.05833333333333331
0 0.3404761904761905 0.4232142857142857 0.017460317460317506 0.05595238095238096
0 0.4083333333333333 0.4476190476190476 0.021428571428571408 0.06428571428571428
0 0.39246031746031745 0.3113095238095238 0.01190476190476185 0.05595238095238096
0 0.3273809523809524 0.2803571428571429 0.01507936507936506 0.048809523809523796
0 0.37103174603174605 0.19285714285714287 0.013492063492063533 0.045238095238095244
0 0.5793650793650794 0.306547619047619 0.012698412698412691 0.03928571428571428
0 0.5611111111111111 0.39642857142857146 0.020634920634920565 0.05238095238095241
0 0.6126984126984127 0.42142857142857143 0.014285714285714221 0.040476190476190485
0 0.6492063492063492 0.5529761904761906 0.020634920634920492 0.05119047619047626
0 0.5988095238095239 0.5345238095238096 0.016666666666666666 0.06190476190476198
0 0.5440476190476191 0.5107142857142857 0.013492063492063533 0.05238095238095241
