0 0.25343196054911366 0.12191593950655033 0.11524801843968294 0.06703201072512172
0 0.3306559729049557 0.2042359526777524 0.10819201731072278 0.05527200884352141
0 0.39847198375551734 0.2706799633087942 0.09016001442560216 0.04233600677376111
0 0.49882399981183995 0.17483594797375168 0.1183840189414431 0.02469600395136062
0 0.4376719900275184 0.08251993320318933 0.12465601994496325 0.02822400451584072
0 0.5486080077772811 0.24480795916927348 0.10348801655808267 0.021168003386880584
0 0.48784799805567963 0.3600559776089564 0.08232001317120208 0.011760001881600294
0 0.6160320185651229 0.35241197638591626 0.09721601555456251 0.022344003575040586
0 0.6473920235827237 0.39180798268927725 0.08937601430016227 0.023520003763200587
0 0.5270480043276806 0.40415598466495756 0.08859201417472239 0.03410400545664088
0 0.5627200100352016 0.43414398946303834 0.07526401204224188 0.02116800338688053
0 0.6618960259033643 0.4259119881459181 0.077616012418562 0.02587200413952065
