0 0.23 0.07 0.03333333333333333 0.135
0 0.32458333333333333 0.030625 0.0325 0.05875
0 0.24541666666666667 0.601875 0.0175 0.09125
0 0.24375 0.751875 0.015833333333333335 0.06625
0 0.17041666666666666 0.86625 0.020833333333333332 0.08
0 0.23 0.681875 0.03666666666666667 0.06625
0 0.22833333333333333 0.831875 0.03833333333333333 0.07125
0 0.1575 0.949375 0.045 0.07375
0 0.525 0.24375 0.028333333333333332 0.0925
0 0.47791666666666666 0.314375 0.030833333333333334 0.08875
0 0.51125 0.3525 0.03916666666666667 0.07
0 0.4583333333333333 0.445 0.055 0.0975
0 0.5154166666666666 0.44125 0.04416666666666667 0.1
0 0.49166666666666664 0.578125 0.058333333333333334 0.11125
0 0.735 0.30125 0.05 0.09
0 0.7920833333333334 0.419375 0.04083333333333333 0.09375
0 0.7204166666666667 0.403125 0.0275 0.05625
0 0.77375 0.505625 0.034166666666666665 0.10375
0 0.7566666666666667 0.636875 0.021666666666666667 0.06875
0 0.7191666666666666 0.68375 0.06166666666666667 0.09
0 0.6916666666666667 0.45375 0.045 0.0825
0 0.7391666666666666 0.575625 0.051666666666666666 0.07375
