0 0.9048277396389525 0.5899837909992373 0.05482456140350877 0.09177154843630818
0 0.8273582506992118 0.5899837909992373 0.04131706076786149 0.07985316552250192
0 0.7475050851767098 0.4290856216628528 0.02939867785405546 0.07031845919145689
0 0.8035214848715992 0.4290856216628528 0.031782354436816866 0.07508581235697943
0 0.5536327231121281 0.30394260106788706 0.019863971523010417 0.04648169336384437
0 0.5524408848207475 0.2550772311212815 0.039727943046020835 0.020261250953470634
0 0.5528381642512077 0.3414855072463768 0.043700737350622985 0.021453089244851224
0 0.5520436053902873 0.41776315789473684 0.04211161962878208 0.026220442410373766
0 0.5862096364098651 0.5208571700991609 0.07707220950928043 0.029795957284515687
0 0.6064708873633358 0.5923674675819985 0.03337147215865753 0.07270213577421826
0 0.6807621408593948 0.29559973302822273 0.016685736079328765 0.04886536994660564
