0 0.20708079654997466 0.08797089041095886 0.06738330796549974 0.11058789954337901
0 0.19162227295788944 0.209855403348554 0.05707762557077625 0.05707762557077627
0 0.381881024860477 0.10283485540334851 0.033295281582952835 0.0808599695585997
0 0.5210077371892441 0.32579433028919325 0.01823313039066471 0.06064497716894975
0 0.7457508878741756 0.30379566210045655 0.049150177574835224 0.040429984779299856
0 0.8040176306443431 0.2586092085235921 0.03567351598173516 0.038051750380517516
0 0.7580384322678844 0.3733590182648402 0.04518645357686471 0.02972792998477926
0 0.7754788178589549 0.4940544140030441 0.05152841197361748 0.035673515981735224
0 0.859509766615931 0.337685502283105 0.030917047184170387 0.03448439878234398
0 0.9431443429731102 0.5166476407914764 0.04280821917808219 0.023782343987823484
0 0.45798452562151193 0.4007087138508371 0.0539066463723998 0.02259322678843229
0 0.3414510400811771 0.21282819634703193 0.04280821917808219 0.03448439878234398
