0 0.6418269230769231 0.3125 0.02532051282051282 0.016346153846153847
0 0.6735576923076924 0.3317307692307692 0.02403846153846154 0.02980769230769231
0 0.5993589743589743 0.3057692307692308 0.04230769230769231 0.03461538461538462
0 0.5828525641025641 0.353125 0.027243589743589744 0.012980769230769231
0 0.6126602564102565 0.37067307692307694 0.023397435897435898 0.020192307692307693
0 0.5349358974358974 0.3855769230769231 0.026923076923076925 0.010576923076923078
0 0.5471153846153847 0.41370192307692305 0.008333333333333333 0.029326923076923077
0 0.5647435897435897 0.3997596153846154 0.01987179487179487 0.01201923076923077
0 0.45 0.44519230769230766 0.01858974358974359 0.0057692307692307696
0 0.47708333333333336 0.45528846153846153 0.01955128205128205 0.016346153846153847
0 0.4270833333333333 0.46274038461538464 0.023397435897435898 0.005288461538461539
0 0.4519230769230769 0.4706730769230769 0.01730769230769231 0.009615384615384616
0 0.40625 0.47644230769230766 0.01826923076923077 0.0057692307692307696
0 0.43125 0.48365384615384616 0.01826923076923077 0.010576923076923078
