0 0.2883482258482258 0.20619658119658116 0.026709401709401708 0.08012820512820513
0 0.24990287490287488 0.3015005827505827 0.0226625226625227 0.059489121989121964
0 0.29482323232323226 0.3925553613053613 0.020234395234395294 0.07891414141414142
0 0.2843013468013467 0.5279234654234655 0.03480315980315981 0.0679875679875681
0 0.8294159544159544 0.21530205905205904 0.033993783993784006 0.07648601398601398
0 0.864623802123802 0.31060606060606055 0.023471898471898338 0.06070318570318576
0 0.84762691012691 0.5418851981351981 0.031565656565656686 0.06191724941724934
0 0.8035159285159285 0.4053030303030303 0.0307562807562808 0.08498445998446007
0 0.729458041958042 0.45750777000777 0.025090650090650105 0.04613442113442108
0 0.42432336182336183 0.1958770396270396 0.026709401709401708 0.06920163170163168
0 0.6833236208236209 0.2031614219114219 0.02023439523439513 0.08862665112665111
0 0.6930361305361306 0.1703817016317016 0.020234395234395294 0.08377039627039627
0 0.7335049210049209 0.2650786713286713 0.0234718984718985 0.057060994560994525
0 0.7080095830095829 0.3033216783216783 0.012950012950012833 0.05099067599067601
0 0.3955905205905206 0.2942162004662004 0.022662522662522618 0.04977661227661228
0 0.3741420616420616 0.25475912975912973 0.021853146853146897 0.04613442113442111
0 0.4299889924889925 0.3907342657342657 0.0315656565656566 0.0777000777000776
0 0.6691595441595442 0.3943764568764568 0.021043771043771014 0.06313131313131316
0 0.41865773115773114 0.5364219114219114 0.04613442113442112 0.06555944055944057
0 0.7015345765345765 0.5394570707070706 0.03561253561253561 0.059489121989122054
