0 0.7084892131188428 0.3047605686494575 0.06624890884150143 0.058454919566030654
0 0.6987467265245043 0.4842171717171717 0.07638109489961344 0.0596240179573513
0 0.6940703329592219 0.682963898241676 0.08105748846489579 0.06430041152263381
0 0.4976618032173588 0.26968761690983906 0.02182316997131807 0.04910213243546577
0 0.43686868686868685 0.43102319491208374 0.024940765681506463 0.04676393565282451
0 0.3756858710562415 0.606972502805836 0.027278962464147634 0.05027123082678634
0 0.28293739867813944 0.49824635241301907 0.045984536725277456 0.040918443696221454
0 0.23539406409776786 0.5537785260007483 0.03195535602943008 0.0350729517396184
0 0.1625202643721163 0.5473484848484849 0.037411148522259595 0.04325664047886275
0 0.14030739493702463 0.4719416386083052 0.03819054744980672 0.03974934530490084
0 0.0822421748347675 0.5929433221099888 0.02961715924678888 0.033903853348297784
0 0.2548790372864448 0.6356154133931912 0.045984536725277456 0.044425738870183355
0 0.22409277964833527 0.7823372615039281 0.04988153136301283 0.05027123082678634
