0 0.44815779320987653 0.15398341049382716 0.010448816872427954 0.057870370370370385
0 0.5438046553497942 0.16724537037037038 0.012056327160493827 0.05304783950617285
0 0.5578703703703703 0.2667100694444444 0.008037551440329188 0.054253472222222224
0 0.5538515946502057 0.36436631944444436 0.009645061728395061 0.054253472222222224
0 0.4453446502057612 0.3589409722222222 0.011252572016460934 0.05304783950617282
0 0.4377089763374485 0.2546537422839506 0.010448816872428043 0.059076003086419776
0 0.6523115997942386 0.27816358024691357 0.005626286008230511 0.0482253086419753
0 0.6559284979423867 0.33301986882716045 0.011252572016460847 0.030140817901234525
0 0.6511059670781892 0.3896846064814814 0.008037551440329277 0.03978587962962963
0 0.7113876028806584 0.28539737654320985 0.012860082304526807 0.03858024691358019
0 0.7129951131687242 0.3372395833333333 0.008037551440329102 0.03134645061728393
0 0.7202289094650205 0.3969184027777778 0.008037551440329102 0.03737461419753089
