0 0.28365384615384615 0.39850427350427353 0.021367521367521375 0.03205128205128205
0 0.43278133903133903 0.3806980056980057 0.015135327635327656 0.03679962013295346
0 0.4274394586894587 0.46320037986704654 0.015135327635327656 0.0308641975308642
0 0.4198717948717949 0.5676638176638177 0.02136752136752132 0.0332383665716999
0 0.6068376068376068 0.3777302943969611 0.02136752136752132 0.0308641975308642
0 0.75997150997151 0.3741690408357075 0.026709401709401538 0.035612535612535606
0 0.7768874643874644 0.4590455840455841 0.026709401709401538 0.04154795821462486
0 0.7924679487179488 0.557573599240266 0.022257834757834872 0.03205128205128205
0 0.6130698005698004 0.4560778727445394 0.017806267806267765 0.037986704653371305
0 0.6184116809116809 0.5546058879392213 0.016025641025641097 0.028490028490028498
0 0.2667378917378917 0.4863485280151947 0.019586894586894596 0.029677113010446277
0 0.24937678062678062 0.5908119658119658 0.02225783475783476 0.034425451092117754
