0 0.5895928899082569 0.256904625382263 0.016126720183486237 0.08003631498470948
0 0.7181586869266054 0.23599961773700306 0.017022649082568807 0.06928516819571866
0 0.5685385607798165 0.43131211773700306 0.011647075688073395 0.08003631498470948
0 0.6075114678899083 0.42593654434250766 0.007167431192660551 0.08362003058103976
0 0.6997921444954128 0.41279625382262997 0.012543004587155963 0.07884174311926606
0 0.7392130160550459 0.4092125382262997 0.017918577981651376 0.07884174311926606
0 0.5555475917431193 0.5860091743119266 0.010751146788990825 0.05733944954128441
0 0.5846652809633027 0.583022744648318 0.011647075688073395 0.05375573394495413
0 0.6155748279816514 0.5818281727828746 0.014334862385321102 0.05136659021406728
0 0.7522039850917431 0.5740634556574924 0.009855217889908258 0.052561162079510705
0 0.7221903669724771 0.5764525993883792 0.005375573394495413 0.05495030581039755
0 0.692176748853211 0.5770498853211009 0.011647075688073395 0.05136659021406728
