0 0.22285517939814822 0.2630931712962963 0.01356336805555558 0.042197145061728406
0 0.29835792824074076 0.2709297839506173 0.010850694444444444 0.03134645061728393
0 0.3137297453703704 0.34145929783950607 0.012659143518518552 0.03737461419753089
0 0.29519314236111116 0.40897472993827155 0.011754918981481448 0.04219714506172844
0 0.21245659722222224 0.4017409336419753 0.016276041666666668 0.03978587962962963
0 0.1984411168981482 0.32759452160493824 0.018988715277777776 0.040991512345678965
0 0.51220703125 0.4318817515432098 0.011754918981481448 0.03496334876543208
0 0.6247829861111112 0.4403211805555556 0.007233796296296329 0.03737461419753089
0 0.6510054976851852 0.5048225308641975 0.012659143518518453 0.03616898148148148
0 0.6053421585648149 0.5012056327160493 0.013563368055555556 0.040991512345678965
0 0.5384295428240741 0.49578028549382713 0.013563368055555556 0.03737461419753082
0 0.4896014178240741 0.49276620370370366 0.011754918981481547 0.03616898148148148
0 0.7192744502314815 0.4873408564814814 0.01175491898148135 0.02531828703703704
0 0.7567997685185186 0.4915605709876542 0.010850694444444444 0.02652391975308644
0 0.7699110243055557 0.5343605324074074 0.009946469907407341 0.03014081790123459
0 0.7147533275462963 0.5283323688271605 0.011754918981481547 0.030140817901234525
0 0.7256040219907408 0.5723379629629629 0.011754918981481547 0.02652391975308644
0 0.7658420138888888 0.5729407793209876 0.010850694444444444 0.02531828703703704
